169.455733203481
254.649190259758
390.021331254826
515.710127490526
563.519576568995
493.001582901867
450.012415109193
391.009928697685
352.023960431937
283.14950193817
311.108035954346
350.012585018355
440.627427093486
540.852121611191
646.799361363885
745.961008645896
885.962470998032
1018.24133153095
1127.69071254998
1176.57219727973
1144.55225239539
1047.34183187064
932.158110330625
805.563514973416
717.492024394209
670.665227336421
662.24127582373
651.120579740179
610.978119824086
578.396940312903
557.045267806783
466.446216300226
301.19016552301
88.1278443311323
-198.336577376222
-456.892002714205
-586.231049561971
-565.980239696117
-328.775822732573
19.7386762754479
431.399305379215
825.96083811957
1100.3069907728
1284.37056752057
1313.16083082772
1190.13219981953
1025.15924289026
818.973832873777
616.794176867712
388.149279952574
229.764863203603
126.098188657592
88.454411373141
118.304318521398
236.194662364645
402.842923831228
622.620139494083
825.514024430199
1014.0056562739
1163.31964784667
1259.96953869526
1298.90077489258
1274.09265513033
1150.58317332964
913.953940134492
600.284525624266
256.591449233322
-70.6748988688536
-325.305346152283
-517.95119079738
-617.563306297054
-691.853538566944
-696.635336852197
-727.110788563624
-772.981589699685
-836.476945391461
-968.728239263327
-1181.81811572259
-1432.19069976916
-1632.46298120085
-1833.05205643309
-2100.52297656914
-2404.3449723012
-2737.80432773232
-2967.44071396634
-3238.03997419744
-3466.71751389297
-3627.97827544386
-3561.55702438334
-3334.37565534064
-2970.42311829935
-2620.49941643161
-2311.49080470911
-2194.42896474473
-2258.74081843096
-2539.92042537605
-2973.70463428621
-3588.00690940851
-4188.91957618798
-4762.81277310644
-5198.49972672617
-5485.20889299569
-5570.56280137601
-5501.26838743631
-5292.47660697574
-5046.54143036141
-4799.70346759982
-4567.171212806
-4356.1173501983
-4214.57277319849
-4128.96875325795
-4153.91122251558
-4219.82196692541
-4328.18527314999
-4391.99356028377
-4371.34578573531
-4254.73375095666
-4122.24060219067
-3967.04687717382
-3882.67675711283
-3839.89078719038
-3960.7301064779
-4083.9587462664
-4259.22136764751
-4359.37953979903
-4404.18037299765
-4347.64629796452
-4238.56367158809
-4066.68546885377
-3938.80155347846
-3828.27275588546
-3733.10685654147
-3707.29064459527
-3807.59922078017
-3910.32130627697
-4090.25486371596
-4231.19710330458
-4418.90169101019
-4648.71193772195
-4933.70199869284
-5134.81014660382
-5265.34648443722
-5319.81034691001
-5402.27170192293
-5498.75943074823
-5649.51244237885
-5830.32446486577
-6009.93165549031
-6096.78874539881
-6142.78686945191
-6136.97894756412
-6064.80108428851
-5963.43304614371
-5866.35603338587
-5788.75816801345
-5759.0579254695
-5726.27907787518
-5691.10069336461
-5664.04120829783
-5708.81947243245
-5777.51935410631
-5898.87387863587
-6050.19794578872
-6162.74657183094
-6281.2934294019
-6410.03228512647
-6496.91147045042
-6508.97306002845
-6458.84848559394
-6471.6087781377
-6543.96423036508
-6645.20106288081
-6703.09395943469
-6736.993243278
-6672.68703010383
-6602.73856013414
-6561.49130799581
-6621.98074060986
-6760.50203515392
-6947.74108510876
-7085.95681660983
-7233.50864185421
-7326.20734513766
-7417.73080668203
-7414.00782966714
-7314.24917388271
-7097.31244280687
-6831.89517674541
-6389.49660559713
-5901.66273299184
-5427.44153670978
-5096.23875172341
-4960.83160158789
-5061.74770306125
-5315.36186275132
-5656.17865756794
-5948.69550955645
-6194.09805980931
-6332.5421931855
-6379.84295407318
-6415.62028179732
-6426.41302907289
-6352.67976733053
-6274.6591362848
-6275.41818783733
-6366.29114410364
-6492.07045602597
-6682.4782575044
-6864.54707481455
-6978.16427148278
-7006.90539972908
-6854.44943573151
-6546.71826226751
-6137.38886882215
-5708.69699771963
-5277.2945473742
-4819.46329623065
-4406.92143401471
-4069.42218144838
-3816.29130758729
-3713.54697629007
-3759.24016479228
-3876.23699948294
-3947.47487119742
-3967.55012154636
-4015.8164210715
-4162.74327101588
-4374.22761740879
-4582.303323273
-4725.73480538026
-4824.80392557983
-4899.5032505848
-4933.55073798585
-4951.55668255296
-4994.11727869313
-5114.47942900633
-5340.6596866847
-5619.50336495147
-5872.01944557392
-5960.26618734731
-5939.94169056634
-5779.17378981293
-5505.1303366592
-5128.08977343776
-4811.81008674776
-4635.29088769835
-4610.1657592556
-4765.50391216809
-5077.46062503984
-5507.69024199752
-5977.43608843178
-6463.71708286925
-6850.01783966978
-7080.97459039878
-7185.49603325037
-7099.0577814397
-6836.09665967154
-6490.81270609397
-6135.71272581442
-5820.19917195652
-5680.09964054131
-5659.86296577159
-5640.8617909393
-5691.43288556388
-5804.80717412315
-6052.0225491299
-6380.57098400383
-6720.96103196426
-6932.31360901944
-7030.70843825656
-6972.48743580989
-6827.6109491944
-6664.35952859634
-6463.61982164079
-6172.34545950501
-5890.20312949005
-5644.43983382111
-5470.09754774053
-5403.78556186284
-5413.01030419208
-5485.92600269332
-5581.55725635821
-5656.59518800059
-5683.24602136132
-5648.69233314509
-5517.35870100028
-5320.71199834982
-5087.17317107953
-4889.3280591272
-4722.01287329079
-4661.56130735282
-4570.9347922738
-4508.99890546888
-4372.19272551673
-4207.131641839
-4013.17892578055
-3799.38376806293
-3622.1654780931
-3543.74496400263
-3602.06212595822
-3784.05871734176
-4007.33113514973
-4316.18813733059
-4652.72631652958
-5003.71007357898
-5324.76562712167
-5611.66478436335
-5787.09462705301
-5856.9470779985
-5821.00230575779
-5682.30727418259
-5444.13848573724
-5182.64641526384
-4952.96312023726
-4782.09177083589
-4744.19688145515
-4778.41509891107
-4770.08163437714
-4771.70351861278
-4859.53488719252
-4984.42611292995
-5179.64243523966
-5425.86727962873
-5637.8278999777
-5790.17269073518
-5836.12462071078
-5817.5548895812
-5705.2239509501
-5672.81906998393
-5692.09499269309
-5824.28285681595
-5960.39256677339
-6108.93076230121
-6203.41477141566
-6291.05411908424
-6343.23218026687
-6321.35539340511
-6194.68928290657
-6009.18455711617
-5848.57503140508
-5849.70234994554
-5923.78414151856
-6079.27879772276
-6316.03947193964
-6659.64278712055
-7004.86997647242
-7279.60358610012
-7383.52783461671
-7310.98931476288
-7041.81671970909
-6682.24707645918
-6234.24684994606
-5864.87354534714
-5572.07340691273
-5343.4180222926
-5185.76313912155
-5118.72622418952
-5059.44832940962
-4999.80697191629
-4843.22248914935
-4750.32277599927
-4640.90709765556
-4647.79020110667
-4614.79967719489
-4623.09738809158
-4642.27475505968
-4744.51624810172
-4871.85519881981
-5065.94849311983
-5214.12793286776
-5437.2146688926
-5638.75774056063
-5853.56028437846
-5959.58670015796
-5960.51169766852
-5801.30203652648
-5618.547978746
-5375.43695465471
-5211.05774228209
-5084.91941232402
-5134.74616301376
-5295.88187513211
-5620.89837568961
-5962.831331558
-6413.91985241969
-6842.89341807423
-7253.80340741545
-7519.66490922615
-7650.26906710636
-7510.87761332819
-7281.87627803359
-6924.45434978755
-6601.27523014411
-6395.59005006423
-6434.1887046613
-6562.56809381229
-6825.3799509158
-7055.45495403389
-7382.38152205534
-7618.54085130808
-7842.55122336927
-7925.27065645252
-7973.11179454755
-7887.47885404777
-7717.37752991437
-7355.2819720343
-6904.63246585357
-6366.91245302569
-5920.00293558822
-5523.76158467141
-5340.83307568561
-5169.9097478354
-5166.41375997475
-5257.48159843412
-5486.44144566152
-5620.76424466482
-5768.94695040301
-5783.73293327659
-5796.6003492479
-5716.91520645989
-5663.88670604325
-5442.1685707713
-5278.48269022023
-5089.44274665007
-4958.35639498061
-4852.6378035558
-4879.073555321
-4893.65606417082
-4884.52951744053
-4730.7861443567
-4550.28840238956
-4272.01404125629
-4056.82235361428
-3947.45268609436
-4036.43962385073
-4272.00107619171
-4728.31822243906
-5209.61254561427
-5690.35559854943
-6049.60984143126
-6383.1605616176
-6656.25316300002
-6852.43382321652
-6909.36715286082
-7000.75870733072
-7051.3183153788
-7103.58030035994
-7115.94495450871
-7164.28600805552
-7145.83721894966
-7217.78858735588
-7346.10827083705
-7602.07770343101
-7885.26205528107
-8102.56920168134
-8125.76613560106
-8021.80913592789
-7728.0689139572
-7428.94166075127
-7037.72104600026
-6676.7563706527
-6318.66298277122
-6152.99421639873
-6095.40043260215
-6139.61551173498
-6244.62325053176
-6410.46240790756
-6461.6582716881
-6429.43594380407
-6219.22927533721
-5967.26447523588
-5577.99814171132
-5194.55569737729
-4798.3924735159
-4592.86371038022
-4473.62207270003
-4511.30010022712
-4593.56560952283
-4785.04319426068
-5033.86308374606
-5422.124710476
-5790.80630432731
-6243.35706633664
-6597.62249503861
-6926.83004740676
-7161.34392857426
-7451.46610774424
-7654.83743785305
-7899.03061331535
-8099.73550975004
-8382.08255246722
-8539.9863139451
-8696.55664607696
-8733.78420546134
-8781.96261287737
-8746.51584496046
-8801.97139243764
-8792.96113765313
-8835.46550000143
-8769.76872510313
-8714.28167221737
-8461.74112956343
-8199.98480942594
-7804.1561333986
-7582.04101201549
-7455.90983729653
-7595.59225446417
-7821.43408948229
-8233.91550962791
-8624.23472394584
-9105.06743847018
-9417.59843303313
-9715.22108123325
-9810.18202200363
-9912.44526589164
-9833.79419374405
-9733.01065041194
-9484.22346618092
-9316.15224825855
-9181.29309356236
-9182.31627745448
-9101.59154936818
-9141.7387401355
-9171.96318542236
-9321.34874996169
-9357.57759424276
-9355.98928536798
-9219.67953342482
-9111.26966013865
-8962.09295780984
-8944.20892319806
-8932.54067868918
-9031.52496432304
-9050.43639210854
-9131.11589668816
-9175.80820934235
-9353.34917720991
-9371.3027079489
-9418.95532402984
-9286.20959930894
-9187.49293548246
-8863.01821817715
-8531.9444420751
-8063.92731930487
-7629.4334726655
-7096.90496819257
-6614.42366582871
-6088.45832085282
-5833.28807493951
-5760.62871057342
-6064.24824423244
-6426.41205321092
-6983.17616474971
-7458.97385713259
-7954.37585443842
-8249.15598823166
-8480.36256438114
-8482.09290722093
-8489.05833783126
-8297.26400145336
-8109.45524038484
-7754.71517879089
-7542.13830963356
-7384.51768531396
-7449.39783259546
-7633.29136076251
-8041.03105578557
-8433.04880595674
-8910.64253298783
-9203.86060911638
-9511.89586693586
-9636.64148792403
-9807.75330242389
-9816.85728566885
-9910.64156153369
-9991.10531385969
-10100.3541097039
-10113.0626578666
-10172.8369254519
-10100.1620214095
-10185.3279430592
-10181.1441280419
-10286.7959061415
-10304.3196595001