-153.644896915137
-83.3844167489719
-28.6666745460109
37.3562227155493
104.849907148257
192.890343843247
241.648261466584
294.777215662855
277.893884936116
263.491631843706
224.313991572769
171.649890848589
113.931236197315
50.1918802377534
-48.5094818006914
-161.629233195147
-238.669414510226
-268.693076390944
-252.266348102175
-179.630447283429
-117.645844645097
-24.6121154996738
0.709767730109661
70.2182017147477
44.5245482885723
29.1291988639395
11.5046443082236
-57.2512938718658
-138.08987645926
-175.37258404657
-125.272281431696
-125.589075232238
-192.470920136044
-228.821995732061
-258.459355431123
-154.636386234019
-195.599260231104
-153.677539695529
-86.2607615508914
141.421251060524
302.181369042695
438.952537041291
424.923701867744
384.008611722503
192.061839964378
10.6881463137706
-206.179606945091
-358.784208910161
-539.302275122297
-525.912666779471
-498.893196918461
-360.686953619735
-211.709166269515
-10.3539083803262
144.294413939703
283.791780460575
320.935176614329
321.837962761591
307.532254793813
286.053862607707
216.544576999806
160.604019940536
50.0575307423724
9.08925559017189
-33.3633062245799
11.1917128662199
95.6477745484626
191.612034778647
207.493148765985
230.193725016855
159.370120060991
117.785969922448
-45.8393192875214
-48.2286397885
-100.262621381105
-25.1581721515222
30.1991668013789
131.53407503313
184.082626376428
246.878202734325
202.883915375307
185.528797592997
170.165899343996
100.816211946197
-25.3085761849047
-27.7220854967973
-104.933557438991
-65.9422395886149
-112.70458770561
-154.810246711762
-209.990060970895
-126.108147910979
-55.536337833395
20.5361375272087
-7.46135501292429
-21.4877288252919
-75.7530116306216
-105.812022486919
-104.607190624544
-11.857089908498
29.0018759468967
80.8079218877947
147.177863275609
176.368038144803
172.077012757833
152.597865372419
104.700242543951
107.778847594322
110.178384510566
102.059485066786
30.221735865377
6.30011832614309
-46.3545245295591
-76.3240671528492
-37.5486260422276
-43.5468575709547
-53.7388557245677
-11.8791853239509
62.9384104219725
125.124574434501
62.2397074562405
2.64454777262108
-26.236832515724
17.1071034461138
41.1007161566886
139.306213174178
144.948469969684
116.247252138328
14.510567385958
-63.521294544068
-112.239049954836
-63.2157315010709
-72.5518252443771
-17.6987032834477
-16.5234615443787
78.7229770148979
174.758655784431
291.936731075835
340.417266061457
517.398571148285
562.833872605289
549.221196282058
406.202784986369
210.407150135519
-25.9161014733609
-178.614159690067
-265.816794816623
-217.516851988507
-170.402550252856
-63.4441333761906
27.6992391123158
39.2226722758587
64.2072527244309
148.733261742363
153.020631045734
74.2409484474656
-15.8729562663093
-50.779311922327
-115.407801478435
-107.068817310152
-38.6171966682259
46.2588717536946
227.455963997575
382.731173463996
484.329393445366
503.691871102514
506.402450345438
532.831251143549
487.541862215937
412.499252566336
328.130873861085
177.744331297221
29.3068114977905
-41.9968346906644
3.76212828552389
54.9247496510598
26.7337004748542
-71.9268499443724
-136.48434639291
-133.075705864213
-68.4314821072567
-24.069120199576
0.30067499503366
40.9525125989494
56.9940554328878
32.4394038598357
-45.3621503131999
-151.180257678371
-203.84367826677
-177.516080622449
-13.2467417733969
95.3244967809724
235.767900753411
349.04345315373
452.040563221441
391.279686689995
251.519199049419
100.125128442743
-80.338152912489
-236.956712871753
-355.229616957676
-394.74584643426
-411.280994437469
-311.300756800534
-155.956750728998
-29.5214428515928
161.438251810672
337.961121768157
420.28395357757
430.099980279553
390.513553857902
215.099531415213
95.2366747697133
94.0011748322904
24.428905375421
-38.374288559271
-172.215375006745
-253.54843487393
-265.39004796043
-136.352577055186
-23.3948292371115
133.221002446669
219.876486615489
238.251420598061
275.739706955544
366.27436213578
357.142330014962
320.763295668939
249.342286080579
141.311985877695
65.7752576707517
2.08430149876312
-20.6312536648857
-0.0379316423814089
48.3491666392638
109.553688216234
206.333632144806
271.64670265047
308.538827270288
272.845111952325
242.315185836413
135.451565937969
165.626515079016
136.935886804922
211.80617995215
240.06108367773
268.952716058451
288.795157717617
252.218289969835
153.42051409047
16.6828380444126
-106.99659138354
-148.272417807977
-233.857002180853
-261.538179198997
-275.9837570494
-246.055553542684
-211.899157241683
-100.429842689662
5.14754905450991
110.944772240715
213.695031575194
313.168788445357
336.492070473399
304.683295026573
245.87134940137
112.894889380745
40.7817825440807
83.3334645339291
73.3781157643625
-12.8313685797457
-49.8912257374286
-120.216322309706
-171.224844389074
-136.960620348972
-77.3447907574764
29.0480700243979
93.5697311295826
187.330938631096
107.404880966174
55.7240772908353
-57.1878641228614
-61.1097099574336
-73.5381955278208
-19.4840091144524
-12.6393476685753
22.8219388173657
96.8767868617651
201.666110498536
260.504725790398
235.609525711095
73.8726814595384
0.91820842697507
-80.4946562041987
-161.76067421688
-268.603315180909
-270.227189351866
-199.733609627698
-28.9242485165914
147.538519853828
344.172595053794
434.569643249908
523.000226513116
444.37330459892
367.800138434412
303.655384620131
232.654883171042
142.036914932031
134.277894779899
134.641357493338
231.584482766933
167.89971315008
184.415678343715
68.1168965488887
107.990523911782
66.7022891033084
55.8226330319003
-27.2414930420427
-52.3389507180818
-119.093294300029
-73.1794397479262
-148.086736024837
-126.543071668033
-139.802543817834
-31.0264157794973
74.0750024894405
234.209661142044
257.754057780473
318.111024091293
239.379212372616
201.138329958073
25.1732493102654
-86.1357121183555
-250.016500557498
-266.93295586839
-376.088520861686
-353.973565654546
-335.90998934122
-190.861501810694
-55.6041578802115
214.39145377817
304.001335294595
432.421928246039
398.179119643439
280.685180079889
36.4013454029218
-53.3793891509877
-187.811857103504
-155.075003118096
-251.926568021451
-161.159329252741
-149.010372061181
-7.7194330832499
27.158861904968
160.63294049978
245.101324133395
437.095557880077
525.649506180725
612.720012827885
521.909517437472
471.241350916803
257.928508985806
245.923327850204
78.4959878606496
-16.0678384593712
-153.959847227398
-59.3227990032938
-73.1827057381915
60.2140171264218
62.1325840286854
154.68514278801
128.028500416644
296.718135271944
238.685880551067
264.039943570169
206.086351669451
180.718591424817
48.5642482347957
60.4174911501796
84.1265467302965
228.743373083827
255.497741967138
353.27436113327
290.19168764201
184.369667519921
-13.9869377563705
-160.561452340979
-381.317146247355
-406.294323175201
-405.743052935163
-284.254242881832
-258.550720186339
-198.092601382415
-121.180660216508
18.0666703557008
-16.3915544698939
24.4403919519173
22.7380150188546
62.6353458512303
26.6589464531971
93.4487891058607
3.04863159377965
-53.3196834811688
-180.969432593966
-208.184351850058
-142.30714640027
51.8030660802842
178.956999673165
368.740221970695
374.127253205922
466.220614751012
435.964675347561
433.093387881479
240.668766372489
132.593783796578
30.784920867176
-30.0077387967849
-90.8391573757963
23.8041362194599
107.222327884031
285.206668466857
326.964800101327
464.266333524561
458.44244433403
471.163223861392
280.528763135685
194.241637680183
37.3219724729088
-7.2655092957084
-116.477584737845
-173.819889485386
-313.261626729936
-293.68159385131
-377.550762009327
-279.265428701979
-254.207552368149
-159.513881167497
-215.122179169975
-128.371330108809
-169.193175462307
-125.704896434691
-207.347042717172
-82.9037614778845
-81.5703321318597
37.7724406156158
26.8215925839704
110.446767916914
19.5444525228231
84.0102547845108
32.4956376516948
140.696774898297
130.487052885765
327.540542653938
336.756320137491
470.828676027345
297.115121383108
201.131174718957
-64.6824171676362
-150.841835018126
-337.481420145612
-315.319214317931
-405.832714524338
-237.530994562954
-222.622648200115
-19.9609407703829
-27.2632438880137
153.65107214759
175.783543332107
323.787184231021
243.07121792237
209.859154696198
73.9768161078737
155.724728086303
34.8528092326742
44.7755547131419
-74.3855645393232
38.7711557189286
76.5883088747742
211.309751943163
183.409873286175
224.176702328805
92.884034611785
86.6682445088718
-23.9842856338601
56.0885722145013
-5.67950457961888
30.3076873458103
-102.540967867555
57.0464692610094
27.3473839190592
207.745724720895
173.716663826483
399.474717305307
406.073776102054
543.017122770228
509.493846639376
607.528504472923
557.481302363867
600.965344975889
330.17024591331
147.65936436609