210.200366513814
132.968363449896
205.95869139362
187.742111188498
255.822938062355
180.750938416019
192.660402292578
140.530457137731
216.475482515636
202.495991766563
240.129424700293
172.175708619886
200.351461380701
163.991929373053
219.615646442887
192.251314552
236.039452524122
164.25447132651
202.218199808852
151.615261027845
225.546006683177
176.232123331914
240.798412134244
170.979108449657
218.751117115558
139.161220424034
234.122464777144
176.796082230049
253.385697706581
152.495312496133
235.534441760991
135.448601910784
236.005754366019
131.808198487456
253.948426976343
164.26706104855
257.211840395423
154.243496417399
236.703496148202
142.260214255577
244.215663382774
153.683580194152
229.891558956452
133.202872256271
221.047436548841
171.276343205472
255.829154486827
159.644032136123
203.748241530572
155.599204818953
233.828369872616
213.145096666946
216.704145975422
159.367967318954
182.572408527858
183.695201026403
257.147020191096
196.360309035079
202.377559977295
139.207892677341
211.50925229543
190.878330279171
230.94748723664
159.723865795175
190.393957425355
162.626616321094
253.690604604597
197.764849864631
242.77247599891
121.237540203709
208.280744838651
156.213127014574
263.537016106393
195.262492735159
217.210941735866
135.248940634933
199.393588385593
191.472861739367
270.277802508518
186.928824252006
187.257026431991
116.064228072332
186.345850219955
208.930742940798
275.777162297654
223.522046567044
170.804677293444
138.802010616521
173.30396868477
237.597377884203
237.065106889995
199.55056521918
157.713528355549
157.856485753143
188.601104234243
224.080862609433
234.703101833886
208.664642513156
185.503607417889
157.882848071038
175.01889465859
204.901690011811
224.125405162741
216.306384607664
175.87106932839
163.684412578493
192.776412210625
213.803875890851
222.165785325368
180.789676551579
184.747056381411
177.83240493735
219.883831783387
205.058475519889
196.204485842509
174.197861228413
188.562901581035
236.023939612195
218.008215570101
199.194915888314
141.054155163026
179.673954110068
192.800300261288
232.463261968077
199.198527665806
188.470257760822
186.100548803711
189.872993363804
217.452659004502
185.304465486288
193.909762303596
176.873457034541
205.216880855892
186.501570719638
218.782010747855
187.268837016775
206.963747167874
179.895503496434
195.677210164089
206.904331019025
198.479025734544
188.663396138843
188.089183408651
193.718356003364
224.535500838222
194.904028983156
214.437038214801
150.343264787525
205.612697958151
185.791020851719
246.910277149325
172.725151874957
205.094903528533
150.440766586525
212.586941379598
167.954335094158
230.140417145051
188.700349449649
235.04515866771
155.68777700358
207.134435192089
143.480843166193
235.422794272673
198.582990711342
256.894386355577
149.320379782542
203.334549271514
146.149876160561
258.47418980596
156.564623149564
233.965163630498
135.653675354775
242.03956627847
153.609204687084
246.814748906335
153.33762753361
231.898730207023
170.431814954984
237.609096696833
162.836504398676
221.262487117345
138.075943832818
233.779991515911
163.911888799835
269.184006576281
157.638744059119
207.18531253441
114.682175381213
243.354605415587
209.720453654865
268.042226005521
141.216617790881
159.222614136951
138.033309966302
269.130817681573
220.655662165622
252.608443175875
128.237272888432
184.217822350957
132.169209895798
250.636365487545
198.712953844588
259.036837558854
162.827895296602
203.84709585557
145.013999375836
208.200782283508
195.221305404536
230.550131168193
172.339646713687
205.069920834835
177.969878007343
222.162662382613
183.982734763333
205.627330792141
190.697747350549
201.757082516224
179.054881461876
197.079047039544
192.246483730954
219.632675559319
213.61375606446
201.837082044332
176.276061770818
164.474634379961
192.924596782372
222.218558415175
220.918679834212
169.012288511297
165.147127461951
176.916430735147
225.721536407048
216.892330449228
224.183171812876
171.043264313313
181.163465008953
173.265415310669
203.555192767795
223.456831296488
215.613154172889
204.17649940636
167.333684238908
174.002040120299
179.909287313125
223.821471844862
198.097041097831
215.87146447501
167.090355252053
199.433708129269
178.739901213453
210.189268981714
197.364182004816
213.67625066866
176.133740222986
197.150137383552
172.866568704864
224.552084954139
191.660718586714
194.460375416518
171.25454235259
212.569756188669
228.139669490809
202.337842630646
176.273916825939
149.815404932281
213.543403298166
196.21282678179
232.507572682955
161.990018267315
209.583212570904
176.22436790053
223.640561648889
174.22790176285
204.735168974654
166.743605363941
211.573892968778
192.44342353844
232.386969258698
185.859059147211
207.861868796793
158.617086445785
218.355951053634
175.325324856506
243.362362344745
182.440553026533
198.963494007274
142.009507501973
219.365729654077
206.826568700234
240.588058363822
165.412844334475
185.258244574118
162.360478834765
207.192516017617
193.104354190593
231.018091879074
192.891474611438
204.870573245531
164.411223246096
210.246114480807
194.305448998747
237.468345940841
177.248180268477
185.181860061821
147.295868140727
222.863161407153
202.772776389331
245.90219535399
158.616603632347
194.280046225558
135.427993310654
223.434766110792
203.409127088888
263.520705659869
197.096100849062
184.438404639773
140.123735457225
197.334110923087
202.815737127631
221.347433912092
178.344260689108
177.414888194763
211.991012207793
204.450014526142
216.011229266637
159.234914825432
184.290466523891
181.47508183621
242.465075720204
192.45498244624
202.155931049857
146.195336265789
214.851281535482
209.746479634846
232.406442993234
169.746548140287
182.714321659611
182.774893894331
222.410519703938
210.6753632911
197.804972006332
178.489799621942
188.219020432076
188.421705911896
210.18761777266
206.690786729271
195.187943152231
205.570059201901
172.405449299073
199.861076910437
177.011347884736
216.426611031892
182.678611552346
203.386107186392
180.459957886278
211.675965041625
180.754807248852
203.954860749608
181.457651097036
226.617497708934
195.032636625626
222.770449934093
175.179050475408
181.199538891074
188.606187053746
212.805454592369
210.892614364654
184.372181541162
179.924806611474
196.928420564908
199.081105447949
197.595098352667
187.384228264923
202.626981534799
198.134204323558
199.167771286076
195.533542111559
192.001352931712
185.450984286525
213.366342362405
210.212666501282
224.471885842053
168.406591554417
160.393648234305
172.537983072066
206.703825570947
223.910515642569
197.122561540565
208.61060746013
196.498717929135
220.791488431716
172.976079269208
180.745673337898
162.810764741285
214.247325302922
212.958833922465
199.168121870801
184.988992308155
170.618556395948
227.811961442693
190.435393836531
238.004347990464
155.164383508125
216.213328446995
155.983945855866
231.803969025939
182.526698152981
230.487757884345
150.648553289521
188.402866073058
167.151194330031
242.532562600955
218.178618343397
199.046225897227
174.583291328247
176.412392307448
204.722539420609
195.221262697404
196.483785873076
196.374871327322
210.068431541286
199.930387512267
203.345073266544
195.865745838463
203.910067010757
191.76101119749
179.623883116243
172.804945570318
192.30624687821
202.334009698143
227.985457774735
210.567395783109
187.682353604559
162.03856601613
184.877973072858
199.371713121563
233.605949978855
183.510271606442
188.290118291309
162.497179250624
214.499532000488
199.934401028182
237.610799917486
177.894457587633
200.806703983165
164.812726033349
206.902679309709
208.419337833648
201.519432767385
181.777013455512
176.793089397665
193.714992645837
214.760618261994
199.205367101766
193.28307950227
199.831110703208
208.457982861716
189.623031744247
204.005970640581
175.032419393172
230.857033720892
165.158296406177
208.376173404931
149.781175524267
219.298322682304
183.949233198378
240.014938408132
183.286856440122
216.741272056019
154.404011548071
195.818029675488
189.120456770393
237.691537731954
195.194532802838
204.07811113078
149.757347023865
215.397558105362
184.901411444323
246.908709433845
155.927924380968
203.184787327811
152.3857935816
239.898571112607
181.446443039465
213.193539637608
162.737089581324
215.889649481375
189.251077830374
211.474514485105
186.518251118651
210.409723623257
181.02133345826
195.92243028885
185.273639277283
227.927866982836
197.219035554477
193.7540416233
160.791600991425
199.858637327885
188.411419846975
224.030715997456
203.822214419967
213.757839788244
171.112648424901
188.284836468756
174.038478711477
241.799635247751
214.397376007988
224.370910952214
133.732968404257
162.262361268296
176.412611879263
256.62180135682
219.786401381648
191.635049524721
150.923520291311
192.686354516031
216.889548332328
243.536950375085
166.620782536118
149.772740297096
151.591604276319
236.642226356125
251.17067434514
229.559857193654
141.632656412485
148.909849755128
177.758452664363
250.334475579619
233.021162627265
189.982727982764
149.004627394218
179.446895403594
211.781217807927
227.377861853768
209.999056855886
167.238094690319
186.205608844789
196.134326674046
229.394157586683
206.517134690442
190.561009346257
159.821793729947
181.244049035289
204.145124483232
224.239436967973
200.762839992189
161.453966727248
177.475198988806
188.480021335775
244.867444962026
206.083579253155
205.230124280305
152.871440540388
181.042744414083
216.572667460323
213.053157925989
214.720056095358
154.287128514662
204.410316321945
176.720890093024
225.586920975585
180.291637581968
204.988869075982
188.385041259256
207.639707483023
177.479068453053
208.528901354192
193.788177808994
229.884328434967
176.629034262374
195.471169803617
174.055155967773
213.439035659506
197.641206323779
202.750109843887
178.805895919481
194.995070849359
193.363024597082
201.831686292191
210.822321939524
202.672198538649
188.9157991403
162.395145800255
190.343975747689
193.309518814843
244.414428722736
206.69800569508
198.391528054096
154.305719085911
171.233296905633
202.293734391922
235.417582627715
211.019000934998
203.129383046529
160.589317105562
179.009533131677
174.246785251487
224.168786047688
220.190203947447
214.770059895341
180.1773103518
164.892431975104
208.049048452767
203.312346265862
224.59901608455
172.753369696628
185.063913829254
171.593391030571
197.199226497205
223.351531362879
213.472081774122
203.057162145427
158.448380867203
192.216928706838
193.906278021786
220.356457742486
190.139293852922
191.687420129358
174.70428664149
215.153118220851
203.013745573704
216.828595571006
157.812404803461
221.333604723824
177.029460467108
259.17337877453
131.633256448024
207.935260544264
157.883874490015
255.051555266748
194.781162567242
215.378699574045
133.065076017164
211.923684171049
164.56148791367
272.669368574291
169.785004848213
210.729188273542
125.892327537963
223.935861276386
174.874637112556
255.899174544745
191.405904643449
227.461037988285
158.184309993831
172.672919102351
180.399840457589
216.958963470235
204.688184781956
225.595233791637
180.215885441234
214.594128607897
169.664686256365
194.675009949712
183.267679409245
217.634042924404
187.461051524716
198.064135882401
184.524977322379
222.822872313561
200.164220698948
175.924973254072
170.15976845984
189.921234375208
240.539771530289
206.45224416815
196.303260773762
156.568632246195
198.847376104292
182.89495383728
200.63512926023
188.718567750416
228.294545661439
207.472503649263
200.317616340229
172.260192222826
184.262206035821
189.207543746842
215.216813650014
195.602246445635
207.577788775707
178.103645679173
203.099288076648
165.897653392604
211.56188757763
186.155018698576
232.14776226709
183.623770385783
220.7825413098
162.158834265823
203.457044194953
177.706655217313
231.217752233505
198.052297061573
202.895337798241
156.677848814457
182.074454116994
189.115712071006
224.56727212769
220.69663533237
198.72045326818
185.756954094931
183.087938524906
192.39602846419
212.181054476152
185.764351602046
200.985414921349
172.17837464993
215.893411391178
197.779705822988
236.291598129195
170.284311698196
190.093970731803
135.158871361737
239.696345203808
191.98805604438
259.510913369703
140.750888854312
204.707423996737
152.106086172763
237.7645130723
186.104332541058
202.963522817901
178.966196648325
212.931685504055
205.059494639893
188.308452004205
177.029811190861
165.249496452073
219.7870654385
195.979396191141
244.046244623827
167.067207471924
204.610584963117
164.875494858714
218.554770957709
196.097887697652
210.642825020522
180.41129174602
191.412425203953
182.998739089453
205.810442797381
198.04558659798
202.114163076831
227.633227483224
182.391715597245
203.122783884846
133.733374719907
220.310877572544
185.340601085618
247.082782992792
167.530494959623
194.058798070983
162.215409119936
202.116225526433
200.22754445873
238.169415386041
201.806208267938
171.701123484233
154.752869745656
199.957318515107
245.066012020215
225.678129375383
165.285177247546
156.107300879522
179.876349333825
227.522385941214
228.436080491231
196.633565069479
194.515545860353
181.778737363092
200.223641107857
186.495701150557
191.805167266663
180.354113356696
215.073203407353
200.335415966083
219.201461177123
154.9750662672
195.079125993298
177.884882244287
241.527223952199
180.804594582288
226.40491758589
164.175016806569
225.915602316976
155.244759512802
218.175073678512
173.056840624887
227.693910015003
178.402067227063
213.720025648446
167.090797136195
219.524105571993
186.822879869084
217.559752277679
180.114524722524
186.494587566051
175.695448480081
203.854050517445
212.789536432332
232.762946953076
191.368794100444
164.2758520898
167.241149412003
212.313282535777
226.471074282655
200.654601981464
151.363779704073
180.285438867563
200.647029705036
253.406660719172
211.61413424936
186.792086784655
150.364939273271
172.106195111615
201.029330941941
227.743361842264
203.956001555323
196.22759559104
190.95366487683
202.477166788784
199.224179890975
183.544251041405
167.761619420434
195.819700264809
200.659567064347
201.452917242577
218.025812750281
181.292160930314
242.458419016765
172.560039418971
192.670421632375
152.41070354784
184.784876194763
227.266777712995
206.891986970816
225.275189439847
151.874184386522
196.001685332686
172.9181727559
250.406877997708
204.022432026268
226.500529029455
144.158833327701
188.654285715175
160.586375445961
216.881174761336
212.906268300428
222.826452400951
193.585023430247
175.607028623622
178.291792193945
201.973422706746
216.829526855588
213.278027406792
181.15851708496
177.48094626823
190.925477473716
205.906348409536
198.32294658716
201.620524871462
191.343567922336
206.912613989842
188.988027128233
188.407460311018
177.990502189884
192.184070404947
206.009116178354
219.141559387384
196.00227754396
191.384448450126
179.85652846806
207.640549282338
185.551019208609
214.609579649107
156.082763277937
234.239508143669
186.369754109198
250.052521739281
154.918357208847
199.094312570828
145.483546626859
230.693183318707
194.976648945836
240.700236657237
156.991037315444
197.649318608548
174.585430350846
210.941871329348
183.860593626241
179.829748667583
195.042117173707
213.652785445125
226.66912556931
197.70697317567
161.69804398033
181.307091673081
212.215183435461
222.349159465829
192.703174759754
170.999013208725
192.126856525358
197.100911485279
224.054739240234
194.307104473428
197.55636992383
161.691490155965
185.617504957941
193.494417862492
223.316068388891
230.032430886753
216.72584180918
160.770098486712
162.445600604968
184.665563013473
258.198225325863
218.313848128447
194.204096207082
136.454530541929
180.291643463596
186.459155179461
251.902774246291
218.915285725223
200.568084179774
129.095537810539
150.60574197439
220.198196105708
277.065572242617
236.463369803384
165.156692292551
124.331292447806
177.433912184532
234.1398081438
258.180587052823
202.382394448671
150.184358495199
152.098534403858
194.986689551149
240.252529256311
215.709084559128
168.471262045291
165.578294945612
183.586807079202
228.513117460583
217.536339801522
187.83309614901
196.778326869983
195.797807262925
209.487230137598
167.283131913652
174.894978908415
198.383691623576
232.703026624586
203.771481482221
192.477217385026
163.095997742776
191.343924048704
200.631101812996
216.762781829143
202.771907069173
184.184769859516
204.963237942893
199.997524005933
204.001985223192
166.27604711426
195.063487440542
192.202982731016
233.032116925267
211.568614288004
194.342033593305
163.324779487429
180.248366947094
200.733535266373
228.496124086945
201.570159004183
184.437082747258
165.121285259285
185.44640750658
222.072578244044
237.865270653063
195.37678531077
144.678707316602
168.752444566659
204.778685199373
265.996623999645
199.578325828341
189.319085766749
132.260688412049
188.991720307595
187.956995656864
245.956773842468
202.841176543447
200.144450924502
156.12940255226
192.481813519603
187.386371443634
238.607138996665
204.615995042492
207.557998722098
143.54483351292
185.921976526014
194.732993510624
254.872613553492
207.531656448879
202.469830335297
142.840275905314
192.612120416081
180.355469977065
226.198688786263
193.171802403834
193.714237398979
190.08584001133
208.890252553043
213.460150365704
209.504046652297
175.759848744631
188.048125331276
165.814707351865
208.438384182608
197.56609643847
229.079905445158
170.474384563303
209.34244930003
178.05361314719
248.854111632576
164.685814950306
192.134188068856
134.331522802945
214.642742327769
212.752657377064
259.788157494949
172.74236805149
184.650354794376
137.862414213694
223.340071670212
185.012105090494
233.02399683692
185.212992811952
219.21693074257
184.75830796065
191.691513844745
190.274571281647
194.947846954696
217.643557647512
166.14154197422
197.706071142446
152.977196699746
231.438683870189
198.047571951416
231.728180598314
156.026451592075
191.442677448998
189.896523473174
235.810542225359
206.333529154609
180.577458100824
152.542993179231
193.662403032005
204.633837150451
249.505892154153
199.406102239226
202.891554716932
142.86331000886
180.574140875144
201.875942363096
262.527767139983
205.809318918611
183.914504641897
116.264054853749
180.378558618961
213.590389596212
270.41581542233
214.066466636482
169.892764639131
134.735426678153
198.708756549434
228.438594644148
238.437158993379
181.665845739315
157.320641822051
171.520122951608
219.91984101665
232.92750899072
240.876655414554
142.60944726921
163.328719786036
147.691927952852
266.97087237373
236.135724940226
212.386275317444
144.475668775411
137.368839249384
206.912067446087
227.970100830399
248.289198234274
180.355492486579
166.50044720579
173.918326077611
205.886552520907
217.072399179825
196.296191231409
192.065230014106
200.253169155539
194.20403984517
193.030890094375
180.317542266518
214.795158534067
196.029343525095
203.604960981022
186.415496775157
211.277496175452
186.426370606259
189.193876488155
180.95619667112
223.362102040207
191.710320703142
202.774049796632
175.528983335993
208.279315991504
206.90311556389
211.984372762229
190.174516151706
153.771923960867
184.587579366789
196.935616147111
249.716216483627
198.893116464149
189.967579512011
177.470536237942
188.204343339853
206.433401143722
168.667593699909
208.082480414545
178.218084118557
253.468086858065
183.520381090281
212.77569206507
130.078416368545
213.947107978877
184.754466650852
254.205585753422
164.876126134613
190.686981006531
129.652929489199
228.28459179745
213.783787522999
277.318929543288
165.072082327574
175.756450917547
102.466874875374
236.061516364242
231.279098186928
303.695523985085
150.400881921622
149.58100042705
106.238502948468
245.873452777385
247.409629107881
248.004428378128
162.021602354487
143.027438352178
160.186188618773
221.419493804924
232.823034345485
227.569568106911
168.158202376533
181.590671401814
187.464488752244
212.797664392881
207.633107061394
193.15726214519
185.317220699
181.891732252099
196.856966088762
202.596012372549
204.061129670217
174.284754423334
200.961052240033
199.918975124402
231.208911568285
192.696605599141
189.891312074273
152.810533907999
183.146677475257
210.966226530774
247.975192005254
212.484828162311
183.405919522421
157.114403454721
202.458722295215
189.285368770662
225.151812899156
157.36514146862
203.827129830324
176.943580837145
231.858249907723
189.730944393999
207.52864336478
186.050803617553
198.629758884648
187.507617544589
200.803228912519
216.95374917762
178.988816674305
201.087842997204
144.777932910354
227.313865442482
191.869922982946
235.693000278917
173.037167811343
189.485889351328
165.381205250307
217.862667201779
175.965468913474
241.058912857049
169.803003423249
228.598980709002
158.238842967474
218.06854811715
172.31097389881
211.199158848364
194.067944906046
201.266205025351
203.444799572989
197.11817229422
192.016043108845
191.576550704148
194.782536025841
195.98230301493
188.770823465419
172.265720711683
202.756517365066
192.091106501878
241.881059117073
197.347899251977
218.915085065953
158.336455645668
192.625405838531
182.296530908277
227.057800060372
180.616290912017
204.118965993795
174.233802749243
212.334904691056
197.980508328117
206.900680159839
174.458450456883
177.498047878917
173.798769855493
227.5221832113
208.41670110101
218.183353692767
178.3031855369
187.806759688928
155.118393495105
233.460095375792
197.815723362455
253.08762373089
140.854224697818
196.983159914153
154.578364043561
238.298076457027
206.697244581567
223.572385898262
148.786333339229
182.552661094411
186.322789734569
247.361572657471
198.538409494656
216.250553034855
150.956574882978
179.283134737934
173.935728573557
237.679566092299
223.473401906687
194.459477870574
176.009692191011
159.505822582398
200.608545045896
209.109202284477
246.028923842959
226.57848374654
178.080599315971
143.12031598636
145.449331007089
205.942635398696
250.388708752478
239.174681161327
170.278565808729
141.54243705917
171.300265420976
252.967464321895
242.803119425125
214.417247693908
126.542945493473
156.275321114117
207.45187953533
252.318463785413
222.387781975034
167.467123258152
147.098798018775
187.071818528242
217.358718093005
251.586371887311
192.82556208476
168.525714675114
145.244776309565
193.141388315282
237.225040676007
236.035440375323
200.976092791931
165.124358141502
145.936030169785
204.663142781189
220.822670207835
221.044922019633
180.023333083945
160.039904247964
219.114556871851
205.988973680841
221.99825230483
170.82645205765
197.200312728492
204.164467237716
202.523590635555
176.410145764682
184.477693172351
192.885490796625
245.761778287005
195.975830226362
204.594282222392
138.167571041673
211.804780475796
190.981666455258
259.943440694983
154.513120523703
176.483861620359
148.405732142894
213.063305907764
222.728095539433
189.965635556235
208.851781835793
178.906626564898
223.038792068361
178.896851522522
207.351224175277
175.620286348985
206.452192273191
182.544544829064
193.092097971532
191.285845443803
213.281170728132
216.279891016891
199.235161832823
171.011641342925
173.313726894584
193.402983903114
237.788248529254
212.239537735872
208.433632806417
157.573767903512
198.616697249184
189.612399192342
222.235876142379
205.787287613862
185.63469426318
172.973758322473
168.511029310122
200.953469053826
224.973128678326
214.725323506473
200.771614569999
185.702010641125
177.503423087556
188.843047213622
190.634852188951
207.134321108537
218.538770085439
180.766101555791
194.180993818287
174.640344716776
205.956941846985
198.00836167883
201.169691991596
192.561506788892
202.066867657011
184.785747677441
206.038620037382
182.117468721519
211.569885171744
183.163190693058
198.230137167695
187.056988135013
214.41303211779
198.480261604598
199.542992895805
192.013351480734
189.881680414952
173.326804236714
196.857743802479
207.250492891861
233.18327435063
202.559454123065
182.886204592117
167.925163483784
186.81986754053
228.674614656041
215.810108075744
184.82506677437
152.848691090438
193.993243386506
223.72516004943
240.665423817196
187.476550281022
164.863267239215
166.833903811214
210.902651487206
216.977242188483
190.932406021429
188.455297757726
183.098108327181
213.702785878799
193.576827335522
187.550570819973
198.903793610202
161.633247965913
213.318326395298
181.448013521703
243.146408949377
192.318854219706
176.421792390129
187.28280763095
203.042871100772
234.657793644055
195.633715887064
186.309049246835
155.733469006664
192.987973465312
182.802721074112
243.475868148659
193.741540326534
236.121837795082
135.598554474424
199.997699833614
154.975930917209
260.55139203608
191.209907926904
217.154150880755
144.056036688003
216.23333708758
172.82685123486
233.351049589252
170.448620158513
226.642766387582
182.533288959771
200.304217303441
191.058056255991
205.999607713346
206.304631946135
162.542656723678
166.030468641724
179.819081396071
232.44288773701
213.428370994816
207.159275217
173.716905608911
185.227000918462
201.539951329453
227.331892982347
215.940581457205
199.397369332191
156.827446381182
176.631906947779
184.55216794379
240.766825893804
210.440334660264
189.451871407275
153.936803744879
175.400693190517
235.120265262271
219.757218348772
204.971593917257
166.359447010784
171.892486310721
208.20893503438
200.940214182201
205.116355444298
192.131058852539
207.031298304557
187.948190521418
188.89552566043
178.460315443516
213.030039302416
187.169977341933
221.109853830558
171.00812214767
224.017926913118
163.167581476694